  i           Time     T(GK)   Density     dE/dt  Timestep         p      he3      he4      c12      o16     ne20     mg24     si28      s32     ar36     ca40     ti44     cr48     fe52      It 
   0 0.00000000E+00 4.000E-01 1.000E+06  0.00E+00  0.00E+00 0.00E+00 0.00E+00 1.00E+00 0.00E+00 0.00E+00 0.00E+00 0.00E+00 0.00E+00 0.00E+00 0.00E+00 0.00E+00 0.00E+00 0.00E+00 0.00E+00 0 0
   1 3.51302287E-03 4.000E-01 1.000E+06  1.66E+17  3.51E-03 5.09E-29 0.00E+00 9.99E-01 9.97E-04 3.30E-10 5.51E-16 2.27E-21 0.00E+00 0.00E+00 0.00E+00 0.00E+00 0.00E+00 0.00E+00 0.00E+00 1 3
   2 3.86432515E-03 4.000E-01 1.000E+06  1.66E+17  3.51E-04 5.69E-29 0.00E+00 9.99E-01 1.10E-03 3.66E-10 6.12E-16 2.52E-21 0.00E+00 0.00E+00 0.00E+00 0.00E+00 0.00E+00 0.00E+00 0.00E+00 1 3
   3 4.25083173E-03 4.000E-01 1.000E+06  1.66E+17  3.87E-04 6.44E-29 0.00E+00 9.99E-01 1.21E-03 4.10E-10 6.87E-16 2.84E-21 0.00E+00 0.00E+00 0.00E+00 0.00E+00 0.00E+00 0.00E+00 0.00E+00 1 3
   4 4.67611285E-03 4.000E-01 1.000E+06  1.66E+17  4.25E-04 7.38E-29 0.00E+00 9.99E-01 1.33E-03 4.63E-10 7.81E-16 3.22E-21 0.00E+00 0.00E+00 0.00E+00 0.00E+00 0.00E+00 0.00E+00 0.00E+00 1 3
   5 5.14407202E-03 4.000E-01 1.000E+06  1.66E+17  4.68E-04 8.54E-29 0.00E+00 9.99E-01 1.46E-03 5.27E-10 8.98E-16 3.72E-21 0.00E+00 0.00E+00 0.00E+00 0.00E+00 0.00E+00 0.00E+00 0.00E+00 1 3
   6 5.65900861E-03 4.000E-01 1.000E+06  1.66E+17  5.15E-04 9.95E-29 0.00E+00 9.98E-01 1.61E-03 6.05E-10 1.05E-15 4.35E-21 0.00E+00 0.00E+00 0.00E+00 0.00E+00 0.00E+00 0.00E+00 0.00E+00 1 3
   7 6.22565859E-03 4.000E-01 1.000E+06  1.66E+17  5.67E-04 1.16E-28 0.00E+00 9.98E-01 1.77E-03 6.99E-10 1.23E-15 5.17E-21 0.00E+00 0.00E+00 0.00E+00 0.00E+00 0.00E+00 0.00E+00 0.00E+00 1 3
   8 6.84923955E-03 4.000E-01 1.000E+06  1.66E+17  6.24E-04 1.36E-28 0.00E+00 9.98E-01 1.94E-03 8.13E-10 1.48E-15 6.25E-21 0.00E+00 0.00E+00 0.00E+00 0.00E+00 0.00E+00 0.00E+00 0.00E+00 1 3
   9 7.53550062E-03 4.000E-01 1.000E+06  1.65E+17  6.86E-04 1.59E-28 0.00E+00 9.98E-01 2.14E-03 9.51E-10 1.79E-15 7.69E-21 0.00E+00 0.00E+00 0.00E+00 0.00E+00 0.00E+00 0.00E+00 0.00E+00 1 3
  10 8.29077766E-03 4.000E-01 1.000E+06  1.65E+17  7.55E-04 1.85E-28 0.00E+00 9.98E-01 2.35E-03 1.12E-09 2.19E-15 9.62E-21 0.00E+00 0.00E+00 0.00E+00 0.00E+00 0.00E+00 0.00E+00 0.00E+00 1 3
  11 9.12205446E-03 4.000E-01 1.000E+06  1.65E+17  8.31E-04 2.15E-28 0.00E+00 9.97E-01 2.58E-03 1.32E-09 2.71E-15 1.23E-20 0.00E+00 0.00E+00 0.00E+00 0.00E+00 0.00E+00 0.00E+00 0.00E+00 1 3
  12 1.00370305E-02 4.000E-01 1.000E+06  1.65E+17  9.15E-04 2.49E-28 0.00E+00 9.97E-01 2.84E-03 1.56E-09 3.39E-15 1.59E-20 3.24E-29 0.00E+00 0.00E+00 0.00E+00 0.00E+00 0.00E+00 0.00E+00 1 3
  13 1.10441963E-02 4.000E-01 1.000E+06  1.65E+17  1.01E-03 2.88E-28 0.00E+00 9.97E-01 3.13E-03 1.86E-09 4.28E-15 2.09E-20 7.94E-29 0.00E+00 0.00E+00 0.00E+00 0.00E+00 0.00E+00 0.00E+00 1 3
  14 1.21529169E-02 4.000E-01 1.000E+06  1.65E+17  1.11E-03 3.32E-28 0.00E+00 9.97E-01 3.44E-03 2.22E-09 5.44E-15 2.80E-20 1.49E-28 0.00E+00 0.00E+00 0.00E+00 0.00E+00 0.00E+00 0.00E+00 1 3
  15 1.33735248E-02 4.000E-01 1.000E+06  1.65E+17  1.22E-03 3.82E-28 0.00E+00 9.96E-01 3.78E-03 2.65E-09 6.98E-15 3.80E-20 2.52E-28 0.00E+00 0.00E+00 0.00E+00 0.00E+00 0.00E+00 0.00E+00 1 3
  16 1.47174231E-02 4.000E-01 1.000E+06  1.64E+17  1.34E-03 4.39E-28 0.00E+00 9.96E-01 4.16E-03 3.18E-09 9.00E-15 5.21E-20 4.08E-28 0.00E+00 0.00E+00 0.00E+00 0.00E+00 0.00E+00 0.00E+00 1 3
  17 1.61972008E-02 4.000E-01 1.000E+06  1.64E+17  1.48E-03 5.04E-28 0.00E+00 9.95E-01 4.58E-03 3.81E-09 1.17E-14 7.24E-20 6.46E-28 0.00E+00 0.00E+00 0.00E+00 0.00E+00 0.00E+00 0.00E+00 1 3
  18 1.78267610E-02 4.000E-01 1.000E+06  1.64E+17  1.63E-03 5.79E-28 0.00E+00 9.95E-01 5.03E-03 4.58E-09 1.52E-14 1.01E-19 1.01E-27 0.00E+00 0.00E+00 0.00E+00 0.00E+00 0.00E+00 0.00E+00 1 3
  19 1.96214639E-02 4.000E-01 1.000E+06  1.64E+17  1.79E-03 6.65E-28 0.00E+00 9.94E-01 5.54E-03 5.51E-09 1.99E-14 1.43E-19 1.59E-27 0.00E+00 0.00E+00 0.00E+00 0.00E+00 0.00E+00 0.00E+00 1 3
  20 2.15982869E-02 4.000E-01 1.000E+06  1.64E+17  1.98E-03 7.64E-28 0.00E+00 9.94E-01 6.09E-03 6.64E-09 2.61E-14 2.03E-19 2.48E-27 0.00E+00 0.00E+00 0.00E+00 0.00E+00 0.00E+00 0.00E+00 1 3
  21 2.37760040E-02 4.000E-01 1.000E+06  1.63E+17  2.18E-03 8.79E-28 0.00E+00 9.93E-01 6.70E-03 8.01E-09 3.44E-14 2.91E-19 3.89E-27 0.00E+00 0.00E+00 0.00E+00 0.00E+00 0.00E+00 0.00E+00 1 3
  22 2.61753862E-02 4.000E-01 1.000E+06  1.63E+17  2.40E-03 1.01E-27 0.00E+00 9.93E-01 7.37E-03 9.66E-09 4.53E-14 4.18E-19 6.11E-27 0.00E+00 0.00E+00 0.00E+00 0.00E+00 0.00E+00 0.00E+00 1 3
  23 2.88194271E-02 4.000E-01 1.000E+06  1.63E+17  2.64E-03 1.17E-27 0.00E+00 9.92E-01 8.10E-03 1.17E-08 5.99E-14 6.03E-19 9.65E-27 0.00E+00 0.00E+00 0.00E+00 0.00E+00 0.00E+00 0.00E+00 1 3
  24 3.17335966E-02 4.000E-01 1.000E+06  1.62E+17  2.91E-03 1.35E-27 0.00E+00 9.91E-01 8.91E-03 1.41E-08 7.93E-14 8.72E-19 1.53E-26 0.00E+00 0.00E+00 0.00E+00 0.00E+00 0.00E+00 0.00E+00 1 3
  25 3.49461267E-02 4.000E-01 1.000E+06  1.62E+17  3.21E-03 1.56E-27 0.00E+00 9.90E-01 9.80E-03 1.70E-08 1.05E-13 1.27E-18 2.43E-26 0.00E+00 0.00E+00 0.00E+00 0.00E+00 0.00E+00 0.00E+00 1 3
  26 3.84883344E-02 4.000E-01 1.000E+06  1.61E+17  3.54E-03 1.81E-27 0.00E+00 9.89E-01 1.08E-02 2.06E-08 1.39E-13 1.84E-18 3.87E-26 0.00E+00 0.00E+00 0.00E+00 0.00E+00 0.00E+00 0.00E+00 1 3
  27 4.23949869E-02 4.000E-01 1.000E+06  1.61E+17  3.91E-03 2.11E-27 0.00E+00 9.88E-01 1.18E-02 2.49E-08 1.85E-13 2.68E-18 6.19E-26 0.00E+00 0.00E+00 0.00E+00 0.00E+00 0.00E+00 0.00E+00 1 3
  28 4.67047162E-02 4.000E-01 1.000E+06  1.60E+17  4.31E-03 2.45E-27 0.00E+00 9.87E-01 1.30E-02 3.01E-08 2.46E-13 3.91E-18 9.92E-26 0.00E+00 0.00E+00 0.00E+00 0.00E+00 0.00E+00 0.00E+00 1 3
  29 5.14604904E-02 4.000E-01 1.000E+06  1.60E+17  4.76E-03 2.86E-27 0.00E+00 9.86E-01 1.43E-02 3.65E-08 3.28E-13 5.72E-18 1.59E-25 0.00E+00 0.00E+00 0.00E+00 0.00E+00 0.00E+00 0.00E+00 1 3
  30 5.67101514E-02 4.000E-01 1.000E+06  1.59E+17  5.25E-03 3.35E-27 0.00E+00 9.84E-01 1.58E-02 4.42E-08 4.37E-13 8.38E-18 2.56E-25 0.00E+00 0.00E+00 0.00E+00 0.00E+00 0.00E+00 0.00E+00 1 3
  31 6.25070297E-02 4.000E-01 1.000E+06  1.58E+17  5.80E-03 3.92E-27 0.00E+00 9.83E-01 1.73E-02 5.35E-08 5.82E-13 1.23E-17 4.13E-25 0.00E+00 0.00E+00 0.00E+00 0.00E+00 0.00E+00 0.00E+00 1 4
  32 6.89106490E-02 4.000E-01 1.000E+06  1.57E+17  6.40E-03 4.60E-27 0.00E+00 9.81E-01 1.90E-02 6.48E-08 7.76E-13 1.80E-17 6.67E-25 0.00E+00 0.00E+00 0.00E+00 0.00E+00 0.00E+00 0.00E+00 1 4
  33 7.59875377E-02 4.000E-01 1.000E+06  1.57E+17  7.08E-03 5.41E-27 0.00E+00 9.79E-01 2.09E-02 7.84E-08 1.03E-12 2.65E-17 1.08E-24 0.00E+00 0.00E+00 0.00E+00 0.00E+00 0.00E+00 0.00E+00 1 4
  34 8.38121656E-02 4.000E-01 1.000E+06  1.56E+17  7.82E-03 6.38E-27 0.00E+00 9.77E-01 2.30E-02 9.51E-08 1.38E-12 3.89E-17 1.74E-24 0.00E+00 0.00E+00 0.00E+00 0.00E+00 0.00E+00 0.00E+00 1 4
  35 9.24680278E-02 4.000E-01 1.000E+06  1.55E+17  8.66E-03 7.53E-27 0.00E+00 9.75E-01 2.53E-02 1.15E-07 1.85E-12 5.73E-17 2.83E-24 0.00E+00 0.00E+00 0.00E+00 0.00E+00 0.00E+00 0.00E+00 1 4
  36 1.02048907E-01 4.000E-01 1.000E+06  1.53E+17  9.58E-03 8.90E-27 0.00E+00 9.72E-01 2.78E-02 1.40E-07 2.47E-12 8.43E-17 4.59E-24 0.00E+00 0.00E+00 0.00E+00 0.00E+00 0.00E+00 0.00E+00 1 4
  37 1.12660346E-01 4.000E-01 1.000E+06  1.52E+17  1.06E-02 1.06E-26 0.00E+00 9.69E-01 3.06E-02 1.69E-07 3.30E-12 1.24E-16 7.46E-24 0.00E+00 0.00E+00 0.00E+00 0.00E+00 0.00E+00 0.00E+00 1 4
  38 1.24421371E-01 4.000E-01 1.000E+06  1.51E+17  1.18E-02 1.25E-26 0.00E+00 9.66E-01 3.36E-02 2.05E-07 4.41E-12 1.84E-16 1.21E-23 0.00E+00 0.00E+00 0.00E+00 0.00E+00 0.00E+00 0.00E+00 1 4
  39 1.37466526E-01 4.000E-01 1.000E+06  1.49E+17  1.30E-02 1.49E-26 0.00E+00 9.63E-01 3.69E-02 2.49E-07 5.91E-12 2.71E-16 1.98E-23 0.00E+00 0.00E+00 0.00E+00 0.00E+00 0.00E+00 0.00E+00 1 4
  40 1.51948271E-01 4.000E-01 1.000E+06  1.48E+17  1.45E-02 1.78E-26 0.00E+00 9.59E-01 4.06E-02 3.03E-07 7.92E-12 4.01E-16 3.23E-23 0.00E+00 0.00E+00 0.00E+00 0.00E+00 0.00E+00 0.00E+00 1 4
  41 1.68039838E-01 4.000E-01 1.000E+06  1.46E+17  1.61E-02 2.12E-26 0.00E+00 9.55E-01 4.46E-02 3.67E-07 1.06E-11 5.94E-16 5.29E-23 0.00E+00 0.00E+00 0.00E+00 0.00E+00 0.00E+00 0.00E+00 1 4
  42 1.85938631E-01 4.000E-01 1.000E+06  1.44E+17  1.79E-02 2.54E-26 0.00E+00 9.51E-01 4.90E-02 4.46E-07 1.43E-11 8.81E-16 8.66E-23 0.00E+00 0.00E+00 0.00E+00 0.00E+00 0.00E+00 0.00E+00 1 4
  43 2.05870318E-01 4.000E-01 1.000E+06  1.42E+17  1.99E-02 3.04E-26 0.00E+00 9.46E-01 5.38E-02 5.42E-07 1.91E-11 1.31E-15 1.42E-22 0.00E+00 0.00E+00 0.00E+00 0.00E+00 0.00E+00 0.00E+00 1 4
  44 2.28093751E-01 4.000E-01 1.000E+06  1.39E+17  2.22E-02 3.64E-26 0.00E+00 9.41E-01 5.91E-02 6.59E-07 2.57E-11 1.94E-15 2.34E-22 0.00E+00 0.00E+00 0.00E+00 0.00E+00 0.00E+00 0.00E+00 1 4
  45 2.52906951E-01 4.000E-01 1.000E+06  1.37E+17  2.48E-02 4.38E-26 0.00E+00 9.35E-01 6.49E-02 8.02E-07 3.47E-11 2.90E-15 3.85E-22 0.00E+00 0.00E+00 0.00E+00 0.00E+00 0.00E+00 0.00E+00 1 4
  46 2.80654403E-01 4.000E-01 1.000E+06  1.34E+17  2.77E-02 5.27E-26 0.00E+00 9.29E-01 7.13E-02 9.76E-07 4.67E-11 4.32E-15 6.37E-22 0.00E+00 0.00E+00 0.00E+00 0.00E+00 0.00E+00 0.00E+00 1 5
  47 3.11736008E-01 4.000E-01 1.000E+06  1.31E+17  3.11E-02 6.36E-26 0.00E+00 9.22E-01 7.83E-02 1.19E-06 6.30E-11 6.47E-15 1.06E-21 0.00E+00 0.00E+00 0.00E+00 0.00E+00 0.00E+00 0.00E+00 1 5
  48 3.46618162E-01 4.000E-01 1.000E+06  1.28E+17  3.49E-02 7.68E-26 0.00E+00 9.14E-01 8.59E-02 1.45E-06 8.52E-11 9.69E-15 1.76E-21 0.00E+00 0.00E+00 0.00E+00 0.00E+00 0.00E+00 0.00E+00 1 5
  49 3.85847531E-01 4.000E-01 1.000E+06  1.25E+17  3.92E-02 9.28E-26 0.00E+00 9.06E-01 9.43E-02 1.77E-06 1.15E-10 1.46E-14 2.93E-21 0.00E+00 0.00E+00 0.00E+00 0.00E+00 0.00E+00 0.00E+00 1 5
  50 4.07644341E-01 4.000E-01 1.000E+06  1.23E+17  2.18E-02 1.02E-25 0.00E+00 9.01E-01 9.88E-02 1.95E-06 1.34E-10 1.77E-14 3.72E-21 0.00E+00 0.00E+00 0.00E+00 0.00E+00 0.00E+00 0.00E+00 1 4
  51 4.30701452E-01 4.000E-01 1.000E+06  1.21E+17  2.31E-02 1.12E-25 0.00E+00 8.96E-01 1.04E-01 2.15E-06 1.55E-10 2.15E-14 4.73E-21 0.00E+00 0.00E+00 0.00E+00 0.00E+00 0.00E+00 0.00E+00 1 4
  52 4.55111122E-01 4.000E-01 1.000E+06  1.19E+17  2.44E-02 1.22E-25 0.00E+00 8.91E-01 1.09E-01 2.38E-06 1.80E-10 2.62E-14 6.02E-21 0.00E+00 0.00E+00 0.00E+00 0.00E+00 0.00E+00 0.00E+00 1 4
  53 4.80965008E-01 4.000E-01 1.000E+06  1.17E+17  2.59E-02 1.34E-25 0.00E+00 8.86E-01 1.14E-01 2.63E-06 2.09E-10 3.19E-14 7.68E-21 0.00E+00 0.00E+00 0.00E+00 0.00E+00 0.00E+00 0.00E+00 1 4
  54 5.08361836E-01 4.000E-01 1.000E+06  1.15E+17  2.74E-02 1.48E-25 0.00E+00 8.81E-01 1.19E-01 2.90E-06 2.43E-10 3.89E-14 9.82E-21 0.00E+00 0.00E+00 0.00E+00 0.00E+00 0.00E+00 0.00E+00 1 4
  55 5.37408055E-01 4.000E-01 1.000E+06  1.13E+17  2.90E-02 1.62E-25 0.00E+00 8.75E-01 1.25E-01 3.20E-06 2.82E-10 4.75E-14 1.26E-20 0.00E+00 0.00E+00 0.00E+00 0.00E+00 0.00E+00 0.00E+00 1 4
  56 5.68218562E-01 4.000E-01 1.000E+06  1.11E+17  3.08E-02 1.79E-25 0.00E+00 8.69E-01 1.31E-01 3.54E-06 3.28E-10 5.80E-14 1.61E-20 0.00E+00 0.00E+00 0.00E+00 0.00E+00 0.00E+00 0.00E+00 1 4
  57 6.00917499E-01 4.000E-01 1.000E+06  1.08E+17  3.27E-02 1.96E-25 0.00E+00 8.63E-01 1.37E-01 3.90E-06 3.81E-10 7.08E-14 2.07E-20 0.00E+00 0.00E+00 0.00E+00 0.00E+00 0.00E+00 0.00E+00 1 4
  58 6.35639137E-01 4.000E-01 1.000E+06  1.06E+17  3.47E-02 2.16E-25 0.00E+00 8.57E-01 1.43E-01 4.31E-06 4.43E-10 8.66E-14 2.66E-20 0.00E+00 0.00E+00 0.00E+00 0.00E+00 0.00E+00 0.00E+00 1 4
  59 6.72528858E-01 4.000E-01 1.000E+06  1.04E+17  3.69E-02 2.38E-25 0.00E+00 8.51E-01 1.49E-01 4.76E-06 5.15E-10 1.06E-13 3.42E-20 0.00E+00 0.00E+00 0.00E+00 0.00E+00 0.00E+00 0.00E+00 1 4
  60 7.11744245E-01 4.000E-01 1.000E+06  1.01E+17  3.92E-02 2.62E-25 0.00E+00 8.44E-01 1.56E-01 5.25E-06 5.99E-10 1.30E-13 4.40E-20 0.00E+00 0.00E+00 0.00E+00 0.00E+00 0.00E+00 0.00E+00 1 4
  61 7.53456291E-01 4.000E-01 1.000E+06  9.89E+16  4.17E-02 2.88E-25 0.00E+00 8.37E-01 1.63E-01 5.79E-06 6.97E-10 1.59E-13 5.67E-20 4.22E-29 0.00E+00 0.00E+00 0.00E+00 0.00E+00 0.00E+00 1 4
  62 7.97850748E-01 4.000E-01 1.000E+06  9.64E+16  4.44E-02 3.17E-25 0.00E+00 8.29E-01 1.71E-01 6.39E-06 8.11E-10 1.95E-13 7.32E-20 9.96E-29 0.00E+00 0.00E+00 0.00E+00 0.00E+00 0.00E+00 1 4
  63 8.45129631E-01 4.000E-01 1.000E+06  9.39E+16  4.73E-02 3.49E-25 0.00E+00 8.22E-01 1.78E-01 7.06E-06 9.44E-10 2.39E-13 9.45E-20 1.78E-28 0.00E+00 0.00E+00 0.00E+00 0.00E+00 0.00E+00 1 4
  64 8.95512888E-01 4.000E-01 1.000E+06  9.13E+16  5.04E-02 3.85E-25 0.00E+00 8.14E-01 1.86E-01 7.79E-06 1.10E-09 2.93E-13 1.22E-19 2.85E-28 0.00E+00 0.00E+00 0.00E+00 0.00E+00 0.00E+00 1 4
  65 9.49240278E-01 4.000E-01 1.000E+06  8.86E+16  5.37E-02 4.24E-25 0.00E+00 8.06E-01 1.94E-01 8.59E-06 1.28E-09 3.60E-13 1.58E-19 4.32E-28 0.00E+00 0.00E+00 0.00E+00 0.00E+00 0.00E+00 1 4
  66 1.00657346E+00 4.000E-01 1.000E+06  8.59E+16  5.73E-02 4.67E-25 0.00E+00 7.97E-01 2.03E-01 9.48E-06 1.49E-09 4.42E-13 2.05E-19 6.33E-28 0.00E+00 0.00E+00 0.00E+00 0.00E+00 0.00E+00 1 4
  67 1.06779833E+00 4.000E-01 1.000E+06  8.32E+16  6.12E-02 5.15E-25 0.00E+00 7.89E-01 2.11E-01 1.05E-05 1.74E-09 5.43E-13 2.65E-19 9.08E-28 0.00E+00 0.00E+00 0.00E+00 0.00E+00 0.00E+00 1 4
  68 1.13322767E+00 4.000E-01 1.000E+06  8.05E+16  6.54E-02 5.67E-25 0.00E+00 7.80E-01 2.20E-01 1.15E-05 2.02E-09 6.68E-13 3.44E-19 1.29E-27 0.00E+00 0.00E+00 0.00E+00 0.00E+00 0.00E+00 1 4
  69 1.20320405E+00 4.000E-01 1.000E+06  7.77E+16  7.00E-02 6.25E-25 0.00E+00 7.70E-01 2.30E-01 1.27E-05 2.36E-09 8.22E-13 4.47E-19 1.81E-27 0.00E+00 0.00E+00 0.00E+00 0.00E+00 0.00E+00 1 4
  70 1.27810320E+00 4.000E-01 1.000E+06  7.49E+16  7.49E-02 6.89E-25 0.00E+00 7.61E-01 2.39E-01 1.40E-05 2.75E-09 1.01E-12 5.81E-19 2.52E-27 0.00E+00 0.00E+00 0.00E+00 0.00E+00 0.00E+00 1 4
  71 1.35833770E+00 4.000E-01 1.000E+06  7.21E+16  8.02E-02 7.59E-25 0.00E+00 7.51E-01 2.49E-01 1.55E-05 3.20E-09 1.25E-12 7.55E-19 3.50E-27 0.00E+00 0.00E+00 0.00E+00 0.00E+00 0.00E+00 1 4
  72 1.44436115E+00 4.000E-01 1.000E+06  6.92E+16  8.60E-02 8.36E-25 0.00E+00 7.41E-01 2.59E-01 1.71E-05 3.74E-09 1.54E-12 9.83E-19 4.86E-27 0.00E+00 0.00E+00 0.00E+00 0.00E+00 0.00E+00 1 4
  73 1.53667297E+00 4.000E-01 1.000E+06  6.64E+16  9.23E-02 9.21E-25 0.00E+00 7.30E-01 2.70E-01 1.88E-05 4.36E-09 1.89E-12 1.28E-18 6.74E-27 0.00E+00 0.00E+00 0.00E+00 0.00E+00 0.00E+00 1 4
  74 1.63582369E+00 4.000E-01 1.000E+06  6.36E+16  9.92E-02 1.02E-24 0.00E+00 7.19E-01 2.81E-01 2.08E-05 5.08E-09 2.34E-12 1.67E-18 9.33E-27 0.00E+00 0.00E+00 0.00E+00 0.00E+00 0.00E+00 1 4
  75 1.74242102E+00 4.000E-01 1.000E+06  6.07E+16  1.07E-01 1.12E-24 0.00E+00 7.08E-01 2.92E-01 2.29E-05 5.93E-09 2.88E-12 2.18E-18 1.29E-26 0.00E+00 0.00E+00 0.00E+00 0.00E+00 0.00E+00 1 4
  76 1.85713666E+00 4.000E-01 1.000E+06  5.79E+16  1.15E-01 1.23E-24 0.00E+00 6.97E-01 3.03E-01 2.52E-05 6.92E-09 3.56E-12 2.85E-18 1.79E-26 0.00E+00 0.00E+00 0.00E+00 0.00E+00 0.00E+00 1 4
  77 1.98071408E+00 4.000E-01 1.000E+06  5.51E+16  1.24E-01 1.36E-24 0.00E+00 6.85E-01 3.15E-01 2.78E-05 8.08E-09 4.40E-12 3.72E-18 2.48E-26 0.00E+00 0.00E+00 0.00E+00 0.00E+00 0.00E+00 1 4
  78 2.11397729E+00 4.000E-01 1.000E+06  5.24E+16  1.33E-01 1.50E-24 0.00E+00 6.73E-01 3.27E-01 3.06E-05 9.44E-09 5.44E-12 4.87E-18 3.44E-26 0.00E+00 0.00E+00 0.00E+00 0.00E+00 0.00E+00 1 4
  79 2.25784086E+00 4.000E-01 1.000E+06  4.96E+16  1.44E-01 1.65E-24 0.00E+00 6.61E-01 3.39E-01 3.38E-05 1.10E-08 6.73E-12 6.38E-18 4.77E-26 0.00E+00 0.00E+00 0.00E+00 0.00E+00 0.00E+00 1 5
  80 2.41332124E+00 4.000E-01 1.000E+06  4.69E+16  1.55E-01 1.82E-24 0.00E+00 6.49E-01 3.51E-01 3.72E-05 1.29E-08 8.33E-12 8.36E-18 6.64E-26 0.00E+00 0.00E+00 0.00E+00 0.00E+00 0.00E+00 1 4
  81 2.58154976E+00 4.000E-01 1.000E+06  4.43E+16  1.68E-01 2.00E-24 0.00E+00 6.36E-01 3.64E-01 4.10E-05 1.50E-08 1.03E-11 1.10E-17 9.23E-26 0.00E+00 0.00E+00 0.00E+00 0.00E+00 0.00E+00 1 4
  82 2.76378733E+00 4.000E-01 1.000E+06  4.17E+16  1.82E-01 2.21E-24 0.00E+00 6.23E-01 3.77E-01 4.51E-05 1.76E-08 1.28E-11 1.44E-17 1.29E-25 0.00E+00 0.00E+00 0.00E+00 0.00E+00 0.00E+00 1 5
  83 2.96144136E+00 4.000E-01 1.000E+06  3.91E+16  1.98E-01 2.43E-24 0.00E+00 6.10E-01 3.90E-01 4.97E-05 2.06E-08 1.59E-11 1.90E-17 1.79E-25 0.00E+00 0.00E+00 0.00E+00 0.00E+00 0.00E+00 1 5
  84 3.17608497E+00 4.000E-01 1.000E+06  3.66E+16  2.15E-01 2.68E-24 0.00E+00 5.96E-01 4.04E-01 5.48E-05 2.40E-08 1.97E-11 2.50E-17 2.51E-25 0.00E+00 0.00E+00 0.00E+00 0.00E+00 0.00E+00 1 5
  85 3.40947908E+00 4.000E-01 1.000E+06  3.42E+16  2.33E-01 2.95E-24 0.00E+00 5.83E-01 4.17E-01 6.03E-05 2.81E-08 2.44E-11 3.29E-17 3.51E-25 0.00E+00 0.00E+00 0.00E+00 0.00E+00 0.00E+00 1 4
  86 3.66359768E+00 4.000E-01 1.000E+06  3.19E+16  2.54E-01 3.24E-24 0.00E+00 5.69E-01 4.31E-01 6.64E-05 3.29E-08 3.04E-11 4.34E-17 4.91E-25 0.00E+00 0.00E+00 0.00E+00 0.00E+00 0.00E+00 1 4
  87 3.94065686E+00 4.000E-01 1.000E+06  2.96E+16  2.77E-01 3.57E-24 0.00E+00 5.55E-01 4.45E-01 7.31E-05 3.85E-08 3.77E-11 5.73E-17 6.89E-25 0.00E+00 0.00E+00 0.00E+00 0.00E+00 0.00E+00 1 5
  88 4.24314807E+00 4.000E-01 1.000E+06  2.74E+16  3.02E-01 3.93E-24 0.00E+00 5.41E-01 4.59E-01 8.04E-05 4.51E-08 4.70E-11 7.58E-17 9.68E-25 0.00E+00 0.00E+00 0.00E+00 0.00E+00 0.00E+00 1 4
  89 4.57387652E+00 4.000E-01 1.000E+06  2.54E+16  3.31E-01 4.33E-24 0.00E+00 5.26E-01 4.74E-01 8.85E-05 5.28E-08 5.85E-11 1.00E-16 1.36E-24 0.00E+00 0.00E+00 0.00E+00 0.00E+00 0.00E+00 1 4
  90 4.93600529E+00 4.000E-01 1.000E+06  2.34E+16  3.62E-01 4.76E-24 0.00E+00 5.12E-01 4.88E-01 9.74E-05 6.19E-08 7.29E-11 1.33E-16 1.92E-24 0.00E+00 0.00E+00 0.00E+00 0.00E+00 0.00E+00 1 4
  91 5.33310627E+00 4.000E-01 1.000E+06  2.14E+16  3.97E-01 5.24E-24 0.00E+00 4.97E-01 5.03E-01 1.07E-04 7.25E-08 9.09E-11 1.76E-16 2.71E-24 0.00E+00 0.00E+00 0.00E+00 0.00E+00 0.00E+00 1 5
  92 5.76921887E+00 4.000E-01 1.000E+06  1.96E+16  4.36E-01 5.77E-24 0.00E+00 4.83E-01 5.17E-01 1.18E-04 8.50E-08 1.13E-10 2.34E-16 3.83E-24 0.00E+00 0.00E+00 0.00E+00 0.00E+00 0.00E+00 1 5
  93 6.24891803E+00 4.000E-01 1.000E+06  1.79E+16  4.80E-01 6.34E-24 0.00E+00 4.68E-01 5.32E-01 1.30E-04 9.97E-08 1.42E-10 3.12E-16 5.43E-24 0.00E+00 0.00E+00 0.00E+00 0.00E+00 0.00E+00 1 5
  94 6.77739275E+00 4.000E-01 1.000E+06  1.63E+16  5.28E-01 6.98E-24 0.00E+00 4.53E-01 5.47E-01 1.43E-04 1.17E-07 1.77E-10 4.15E-16 7.71E-24 0.00E+00 0.00E+00 0.00E+00 0.00E+00 0.00E+00 1 4
  95 7.36053722E+00 4.000E-01 1.000E+06  1.48E+16  5.83E-01 7.67E-24 0.00E+00 4.39E-01 5.61E-01 1.57E-04 1.37E-07 2.22E-10 5.54E-16 1.10E-23 0.00E+00 0.00E+00 0.00E+00 0.00E+00 0.00E+00 1 4
  96 8.00505640E+00 4.000E-01 1.000E+06  1.34E+16  6.45E-01 8.43E-24 0.00E+00 4.24E-01 5.76E-01 1.72E-04 1.61E-07 2.78E-10 7.40E-16 1.56E-23 0.00E+00 0.00E+00 0.00E+00 0.00E+00 0.00E+00 1 4
  97 8.71858873E+00 4.000E-01 1.000E+06  1.20E+16  7.14E-01 9.27E-24 0.00E+00 4.09E-01 5.91E-01 1.89E-04 1.89E-07 3.48E-10 9.90E-16 2.23E-23 0.00E+00 0.00E+00 0.00E+00 0.00E+00 0.00E+00 1 5
  98 9.50984867E+00 4.000E-01 1.000E+06  1.08E+16  7.91E-01 1.02E-23 0.00E+00 3.95E-01 6.05E-01 2.08E-04 2.22E-07 4.36E-10 1.33E-15 3.19E-23 0.00E+00 0.00E+00 0.00E+00 0.00E+00 0.00E+00 1 5
  99 1.03887927E+01 4.000E-01 1.000E+06  9.68E+15  8.79E-01 1.12E-23 0.00E+00 3.80E-01 6.20E-01 2.29E-04 2.61E-07 5.48E-10 1.78E-15 4.56E-23 0.00E+00 0.00E+00 0.00E+00 0.00E+00 0.00E+00 1 4
 100 1.13668127E+01 4.000E-01 1.000E+06  8.63E+15  9.78E-01 1.23E-23 0.00E+00 3.66E-01 6.34E-01 2.51E-04 3.07E-07 6.88E-10 2.39E-15 6.55E-23 0.00E+00 0.00E+00 0.00E+00 0.00E+00 0.00E+00 1 5
 101 1.24569613E+01 4.000E-01 1.000E+06  7.67E+15  1.09E+00 1.35E-23 0.00E+00 3.51E-01 6.48E-01 2.76E-04 3.61E-07 8.66E-10 3.21E-15 9.42E-23 0.00E+00 0.00E+00 0.00E+00 0.00E+00 0.00E+00 1 4
 102 1.36742154E+01 4.000E-01 1.000E+06  6.79E+15  1.22E+00 1.48E-23 0.00E+00 3.37E-01 6.63E-01 3.03E-04 4.24E-07 1.09E-09 4.32E-15 1.36E-22 0.00E+00 0.00E+00 0.00E+00 0.00E+00 0.00E+00 1 4
 103 1.50357837E+01 4.000E-01 1.000E+06  5.99E+15  1.36E+00 1.62E-23 0.00E+00 3.23E-01 6.76E-01 3.33E-04 4.99E-07 1.37E-09 5.83E-15 1.96E-22 0.00E+00 0.00E+00 0.00E+00 0.00E+00 0.00E+00 1 4
 104 1.65614669E+01 4.000E-01 1.000E+06  5.27E+15  1.53E+00 1.78E-23 0.00E+00 3.09E-01 6.90E-01 3.65E-04 5.88E-07 1.73E-09 7.87E-15 2.83E-22 0.00E+00 0.00E+00 0.00E+00 0.00E+00 0.00E+00 1 4
 105 1.82740795E+01 4.000E-01 1.000E+06  4.62E+15  1.71E+00 1.95E-23 0.00E+00 2.96E-01 7.04E-01 4.01E-04 6.92E-07 2.19E-09 1.06E-14 4.11E-22 0.00E+00 0.00E+00 0.00E+00 0.00E+00 0.00E+00 1 4
 106 2.01999438E+01 4.000E-01 1.000E+06  4.03E+15  1.93E+00 2.14E-23 0.00E+00 2.83E-01 7.17E-01 4.40E-04 8.15E-07 2.76E-09 1.44E-14 5.96E-22 0.00E+00 0.00E+00 0.00E+00 0.00E+00 0.00E+00 1 5
 107 2.23694705E+01 4.000E-01 1.000E+06  3.50E+15  2.17E+00 2.34E-23 0.00E+00 2.70E-01 7.30E-01 4.83E-04 9.60E-07 3.49E-09 1.96E-14 8.68E-22 0.00E+00 0.00E+00 0.00E+00 0.00E+00 0.00E+00 1 4
 108 2.48178400E+01 4.000E-01 1.000E+06  3.04E+15  2.45E+00 2.57E-23 0.00E+00 2.57E-01 7.42E-01 5.30E-04 1.13E-06 4.42E-09 2.66E-14 1.27E-21 0.00E+00 0.00E+00 0.00E+00 0.00E+00 0.00E+00 1 4
 109 2.75858038E+01 4.000E-01 1.000E+06  2.62E+15  2.77E+00 2.81E-23 0.00E+00 2.45E-01 7.55E-01 5.81E-04 1.33E-06 5.60E-09 3.62E-14 1.85E-21 0.00E+00 0.00E+00 0.00E+00 0.00E+00 0.00E+00 1 4
 110 3.07206273E+01 4.000E-01 1.000E+06  2.26E+15  3.13E+00 3.08E-23 0.00E+00 2.33E-01 7.67E-01 6.37E-04 1.57E-06 7.10E-09 4.93E-14 2.71E-21 0.00E+00 0.00E+00 0.00E+00 0.00E+00 0.00E+00 1 4
 111 3.42772009E+01 4.000E-01 1.000E+06  1.94E+15  3.56E+00 3.36E-23 0.00E+00 2.21E-01 7.78E-01 6.98E-04 1.86E-06 9.01E-09 6.72E-14 3.97E-21 0.00E+00 0.00E+00 0.00E+00 0.00E+00 0.00E+00 1 4
 112 3.83193496E+01 4.000E-01 1.000E+06  1.65E+15  4.04E+00 3.68E-23 0.00E+00 2.09E-01 7.90E-01 7.66E-04 2.19E-06 1.14E-08 9.18E-14 5.84E-21 0.00E+00 0.00E+00 0.00E+00 0.00E+00 0.00E+00 1 4
 113 4.09633682E+01 4.000E-01 1.000E+06  1.50E+15  2.64E+00 3.87E-23 0.00E+00 2.03E-01 7.96E-01 8.09E-04 2.42E-06 1.31E-08 1.10E-13 7.25E-21 0.00E+00 0.00E+00 0.00E+00 0.00E+00 0.00E+00 1 4
 114 4.38121430E+01 4.000E-01 1.000E+06  1.36E+15  2.85E+00 4.07E-23 0.00E+00 1.96E-01 8.03E-01 8.54E-04 2.67E-06 1.51E-08 1.31E-13 9.02E-21 0.00E+00 0.00E+00 0.00E+00 0.00E+00 0.00E+00 1 4
 115 4.68845316E+01 4.000E-01 1.000E+06  1.23E+15  3.07E+00 4.28E-23 0.00E+00 1.90E-01 8.09E-01 9.01E-04 2.94E-06 1.74E-08 1.57E-13 1.12E-20 0.00E+00 0.00E+00 0.00E+00 0.00E+00 0.00E+00 1 4
 116 5.01997348E+01 4.000E-01 1.000E+06  1.11E+15  3.32E+00 4.50E-23 0.00E+00 1.83E-01 8.16E-01 9.51E-04 3.24E-06 1.99E-08 1.88E-13 1.40E-20 0.00E+00 0.00E+00 0.00E+00 0.00E+00 0.00E+00 1 4
 117 5.37786965E+01 4.000E-01 1.000E+06  1.01E+15  3.58E+00 4.73E-23 0.00E+00 1.77E-01 8.22E-01 1.00E-03 3.57E-06 2.29E-08 2.25E-13 1.74E-20 0.00E+00 0.00E+00 0.00E+00 0.00E+00 0.00E+00 1 4
 118 5.76442702E+01 4.000E-01 1.000E+06  9.10E+14  3.87E+00 4.97E-23 0.00E+00 1.71E-01 8.28E-01 1.06E-03 3.93E-06 2.64E-08 2.70E-13 2.18E-20 0.00E+00 0.00E+00 0.00E+00 0.00E+00 0.00E+00 1 4
 119 6.18214014E+01 4.000E-01 1.000E+06  8.21E+14  4.18E+00 5.23E-23 0.00E+00 1.65E-01 8.33E-01 1.12E-03 4.33E-06 3.03E-08 3.24E-13 2.72E-20 0.00E+00 0.00E+00 0.00E+00 0.00E+00 0.00E+00 1 4
 120 6.63373272E+01 4.000E-01 1.000E+06  7.40E+14  4.52E+00 5.49E-23 0.00E+00 1.60E-01 8.39E-01 1.18E-03 4.77E-06 3.49E-08 3.88E-13 3.40E-20 0.00E+00 0.00E+00 0.00E+00 0.00E+00 0.00E+00 1 4
 121 7.12217964E+01 4.000E-01 1.000E+06  6.66E+14  4.88E+00 5.76E-23 0.00E+00 1.54E-01 8.45E-01 1.24E-03 5.26E-06 4.01E-08 4.66E-13 4.25E-20 0.00E+00 0.00E+00 0.00E+00 0.00E+00 0.00E+00 1 4
 122 7.65073112E+01 4.000E-01 1.000E+06  6.00E+14  5.29E+00 6.05E-23 0.00E+00 1.49E-01 8.50E-01 1.31E-03 5.79E-06 4.61E-08 5.59E-13 5.31E-20 0.00E+00 0.00E+00 0.00E+00 0.00E+00 0.00E+00 1 4
 123 8.22293927E+01 4.000E-01 1.000E+06  5.39E+14  5.72E+00 6.35E-23 0.00E+00 1.44E-01 8.55E-01 1.38E-03 6.38E-06 5.31E-08 6.71E-13 6.65E-20 0.00E+00 0.00E+00 0.00E+00 0.00E+00 0.00E+00 1 4
 124 8.84268737E+01 4.000E-01 1.000E+06  4.84E+14  6.20E+00 6.66E-23 0.00E+00 1.38E-01 8.60E-01 1.46E-03 7.03E-06 6.11E-08 8.06E-13 8.34E-20 0.00E+00 0.00E+00 0.00E+00 0.00E+00 0.00E+00 1 4
 125 9.51422202E+01 4.000E-01 1.000E+06  4.35E+14  6.72E+00 6.99E-23 0.00E+00 1.34E-01 8.65E-01 1.53E-03 7.75E-06 7.03E-08 9.68E-13 1.05E-19 0.00E+00 0.00E+00 0.00E+00 0.00E+00 0.00E+00 1 4
 126 1.02421885E+02 4.000E-01 1.000E+06  3.90E+14  7.28E+00 7.32E-23 0.00E+00 1.29E-01 8.70E-01 1.62E-03 8.54E-06 8.09E-08 1.16E-12 1.31E-19 0.00E+00 0.00E+00 0.00E+00 0.00E+00 0.00E+00 1 4
 127 1.10316700E+02 4.000E-01 1.000E+06  3.50E+14  7.89E+00 7.67E-23 0.00E+00 1.24E-01 8.74E-01 1.70E-03 9.40E-06 9.31E-08 1.40E-12 1.65E-19 0.00E+00 0.00E+00 0.00E+00 0.00E+00 0.00E+00 1 4
 128 1.18882302E+02 4.000E-01 1.000E+06  3.13E+14  8.57E+00 8.03E-23 0.00E+00 1.20E-01 8.79E-01 1.79E-03 1.04E-05 1.07E-07 1.68E-12 2.07E-19 0.00E+00 0.00E+00 0.00E+00 0.00E+00 0.00E+00 1 4
 129 1.28179609E+02 4.000E-01 1.000E+06  2.80E+14  9.30E+00 8.41E-23 0.00E+00 1.15E-01 8.83E-01 1.89E-03 1.14E-05 1.23E-07 2.02E-12 2.60E-19 0.00E+00 0.00E+00 0.00E+00 0.00E+00 0.00E+00 1 4
 130 1.38275341E+02 4.000E-01 1.000E+06  2.51E+14  1.01E+01 8.80E-23 0.00E+00 1.11E-01 8.87E-01 1.99E-03 1.26E-05 1.42E-07 2.43E-12 3.26E-19 0.00E+00 0.00E+00 0.00E+00 0.00E+00 0.00E+00 1 4
 131 1.49242596E+02 4.000E-01 1.000E+06  2.24E+14  1.10E+01 9.20E-23 0.00E+00 1.07E-01 8.91E-01 2.09E-03 1.38E-05 1.64E-07 2.93E-12 4.10E-19 0.00E+00 0.00E+00 0.00E+00 0.00E+00 0.00E+00 1 5
 132 1.61161485E+02 4.000E-01 1.000E+06  2.00E+14  1.19E+01 9.61E-23 0.00E+00 1.03E-01 8.95E-01 2.20E-03 1.52E-05 1.88E-07 3.53E-12 5.16E-19 0.00E+00 0.00E+00 0.00E+00 0.00E+00 0.00E+00 1 5
 133 1.74119832E+02 4.000E-01 1.000E+06  1.78E+14  1.30E+01 1.00E-22 0.00E+00 9.88E-02 8.99E-01 2.32E-03 1.68E-05 2.17E-07 4.25E-12 6.49E-19 4.43E-29 0.00E+00 0.00E+00 0.00E+00 0.00E+00 1 5
 134 1.88213946E+02 4.000E-01 1.000E+06  1.59E+14  1.41E+01 1.05E-22 0.00E+00 9.50E-02 9.03E-01 2.44E-03 1.85E-05 2.50E-07 5.12E-12 8.17E-19 1.03E-28 0.00E+00 0.00E+00 0.00E+00 0.00E+00 1 5
 135 2.03549481E+02 4.000E-01 1.000E+06  1.42E+14  1.53E+01 1.09E-22 0.00E+00 9.13E-02 9.06E-01 2.57E-03 2.03E-05 2.88E-07 6.16E-12 1.03E-18 1.80E-28 0.00E+00 0.00E+00 0.00E+00 0.00E+00 1 5
 136 2.20242376E+02 4.000E-01 1.000E+06  1.26E+14  1.67E+01 1.14E-22 0.00E+00 8.78E-02 9.09E-01 2.71E-03 2.24E-05 3.32E-07 7.43E-12 1.30E-18 2.82E-28 0.00E+00 0.00E+00 0.00E+00 0.00E+00 1 5
 137 2.38419903E+02 4.000E-01 1.000E+06  1.12E+14  1.82E+01 1.18E-22 0.00E+00 8.44E-02 9.13E-01 2.85E-03 2.47E-05 3.82E-07 8.95E-12 1.63E-18 4.16E-28 0.00E+00 0.00E+00 0.00E+00 0.00E+00 1 5
 138 2.58221819E+02 4.000E-01 1.000E+06  1.00E+14  1.98E+01 1.23E-22 0.00E+00 8.11E-02 9.16E-01 2.99E-03 2.72E-05 4.41E-07 1.08E-11 2.06E-18 5.93E-28 0.00E+00 0.00E+00 0.00E+00 0.00E+00 1 5
 139 2.79801652E+02 4.000E-01 1.000E+06  8.89E+13  2.16E+01 1.28E-22 0.00E+00 7.79E-02 9.19E-01 3.15E-03 2.99E-05 5.08E-07 1.30E-11 2.60E-18 8.27E-28 0.00E+00 0.00E+00 0.00E+00 0.00E+00 1 5
 140 3.03328114E+02 4.000E-01 1.000E+06  7.90E+13  2.35E+01 1.33E-22 0.00E+00 7.48E-02 9.22E-01 3.31E-03 3.29E-05 5.85E-07 1.57E-11 3.28E-18 1.14E-27 0.00E+00 0.00E+00 0.00E+00 0.00E+00 1 5
 141 3.28986676E+02 4.000E-01 1.000E+06  7.01E+13  2.57E+01 1.37E-22 0.00E+00 7.18E-02 9.25E-01 3.49E-03 3.62E-05 6.75E-07 1.89E-11 4.14E-18 1.55E-27 0.00E+00 0.00E+00 0.00E+00 0.00E+00 1 5
 142 3.56981310E+02 4.000E-01 1.000E+06  6.22E+13  2.80E+01 1.42E-22 0.00E+00 6.89E-02 9.27E-01 3.67E-03 3.99E-05 7.78E-07 2.28E-11 5.22E-18 2.09E-27 0.00E+00 0.00E+00 0.00E+00 0.00E+00 1 5
 143 3.87536425E+02 4.000E-01 1.000E+06  5.52E+13  3.06E+01 1.47E-22 0.00E+00 6.61E-02 9.30E-01 3.85E-03 4.39E-05 8.96E-07 2.75E-11 6.60E-18 2.80E-27 0.00E+00 0.00E+00 0.00E+00 0.00E+00 1 5
 144 4.20899022E+02 4.000E-01 1.000E+06  4.90E+13  3.34E+01 1.52E-22 0.00E+00 6.34E-02 9.32E-01 4.05E-03 4.84E-05 1.03E-06 3.32E-11 8.33E-18 3.75E-27 0.00E+00 0.00E+00 0.00E+00 0.00E+00 1 5
 145 4.57341079E+02 4.000E-01 1.000E+06  4.34E+13  3.64E+01 1.56E-22 0.00E+00 6.08E-02 9.35E-01 4.26E-03 5.32E-05 1.19E-06 4.01E-11 1.05E-17 5.01E-27 0.00E+00 0.00E+00 0.00E+00 0.00E+00 1 5
 146 4.97162219E+02 4.000E-01 1.000E+06  3.85E+13  3.98E+01 1.60E-22 0.00E+00 5.83E-02 9.37E-01 4.48E-03 5.86E-05 1.37E-06 4.84E-11 1.33E-17 6.67E-27 0.00E+00 0.00E+00 0.00E+00 0.00E+00 1 5
 147 5.40692676E+02 4.000E-01 1.000E+06  3.41E+13  4.35E+01 1.65E-22 0.00E+00 5.59E-02 9.39E-01 4.71E-03 6.45E-05 1.58E-06 5.85E-11 1.68E-17 8.88E-27 0.00E+00 0.00E+00 0.00E+00 0.00E+00 1 5
 148 5.88296597E+02 4.000E-01 1.000E+06  3.02E+13  4.76E+01 1.69E-22 0.00E+00 5.35E-02 9.41E-01 4.95E-03 7.10E-05 1.83E-06 7.07E-11 2.13E-17 1.18E-26 0.00E+00 0.00E+00 0.00E+00 0.00E+00 1 5
 149 6.40375741E+02 4.000E-01 1.000E+06  2.67E+13  5.21E+01 1.72E-22 0.00E+00 5.13E-02 9.43E-01 5.20E-03 7.81E-05 2.11E-06 8.54E-11 2.69E-17 1.57E-26 0.00E+00 0.00E+00 0.00E+00 0.00E+00 1 5
 150 6.97373606E+02 4.000E-01 1.000E+06  2.37E+13  5.70E+01 1.76E-22 0.00E+00 4.91E-02 9.45E-01 5.47E-03 8.60E-05 2.43E-06 1.03E-10 3.41E-17 2.08E-26 0.00E+00 0.00E+00 0.00E+00 0.00E+00 1 5
 151 7.40249320E+02 4.000E-01 1.000E+06  2.17E+13  4.29E+01 1.78E-22 0.00E+00 4.76E-02 9.47E-01 5.66E-03 9.19E-05 2.68E-06 1.17E-10 4.00E-17 2.52E-26 0.00E+00 0.00E+00 0.00E+00 0.00E+00 1 5
 152 7.85892393E+02 4.000E-01 1.000E+06  1.99E+13  4.56E+01 1.80E-22 0.00E+00 4.62E-02 9.48E-01 5.86E-03 9.82E-05 2.96E-06 1.34E-10 4.70E-17 3.06E-26 0.00E+00 0.00E+00 0.00E+00 0.00E+00 1 5
 153 8.34493622E+02 4.000E-01 1.000E+06  1.83E+13  4.86E+01 1.81E-22 0.00E+00 4.48E-02 9.49E-01 6.06E-03 1.05E-04 3.27E-06 1.52E-10 5.52E-17 3.71E-26 0.00E+00 0.00E+00 0.00E+00 0.00E+00 1 5
 154 8.86253376E+02 4.000E-01 1.000E+06  1.67E+13  5.18E+01 1.83E-22 0.00E+00 4.34E-02 9.50E-01 6.28E-03 1.12E-04 3.60E-06 1.74E-10 6.49E-17 4.50E-26 0.00E+00 0.00E+00 0.00E+00 0.00E+00 1 5
 155 9.41386251E+02 4.000E-01 1.000E+06  1.54E+13  5.51E+01 1.84E-22 0.00E+00 4.21E-02 9.51E-01 6.50E-03 1.20E-04 3.98E-06 1.98E-10 7.63E-17 5.45E-26 0.00E+00 0.00E+00 0.00E+00 0.00E+00 1 5
 156 1.00000000E+03 4.000E-01 1.000E+06  1.41E+13  5.86E+01 1.85E-22 0.00E+00 4.08E-02 9.52E-01 6.72E-03 1.28E-04 4.39E-06 2.25E-10 8.96E-17 6.61E-26 0.00E+00 0.00E+00 0.00E+00 0.00E+00 1 5
